,Cycle,A1,A2,A3,A4,A5,A6,A7,A8,A9,A10,A11,A12,B1,B2,B3,B4,B5,B6,B7,B8,B9,B10,B11,B12,C1,C2,C3,C4,C5,C6,C7,C8,C9,C10,C11,C12,D1,D2,D3,D4,D5,D6,D7,D8,D9,D10,D11,D12,E1,E2,E3,E4,E5,E6,E7,E8,E9,E10,E11,E12,F1,F2,F3,F4,F5,F6,F7,F8,F9,F10,F11,F12,G1,G2,G3,G4,G5,G6,G7,G8,G9,G10,G11,G12,H1,H2,H3,H4,H5,H6,H7,H8,H9,H10,H11,H12
,1,5909,5955,5902,5910,5930,6003,5933,5900,5948,6018,5985,5948,5909,5908,5857,6017,5975,6015,5839,5918,5980,5990,6126,5949,5820,5968,5954,6117,5970,5951,5903,5887,5955,5974,5969,5993,5908,6000,6068,6043,5921,6164,5991,5976,5923,5993,6006,5991,5842,5989,6019,6082,5984,6133,5958,5989,6030,5982,6065,6018,5910,6157,6010,6079,6004,6083,6061,5922,5998,6021,5946,6060,5999,5956,5977,6049,6074,6031,6077,5905,6154,6042,5944,6112,5705,5876,6045,6012,6136,6059,6043,6037,5992,5998,6047,5784
,2,5895,5936,5889,5896,5919,5991,5924,5894,5931,5999,5970,5931,5893,5893,5845,6004,5966,6006,5832,5909,5969,5985,6109,5936,5805,5965,5938,6114,5964,5948,5901,5883,5952,5965,5959,5979,5898,5989,6062,6031,5916,6154,5988,5970,5921,5985,6001,5982,5827,5976,6010,6077,5978,6126,5957,5986,6020,5978,6059,6000,5897,6149,6004,6069,5998,6079,6057,5922,5991,6019,5937,6046,5985,5950,5970,6043,6069,6024,6068,5911,6144,6038,5940,6102,5693,5866,6034,6007,6127,6058,6042,6039,5987,5988,6041,5773
,3,5884,5933,5877,5894,5908,5987,5914,5888,5924,5994,5963,5924,5880,5888,5835,6000,5962,6005,5826,5908,5963,5978,6101,5932,5801,5959,5929,6108,5960,5944,5896,5878,5947,5963,5953,5972,5889,5979,6056,6025,5911,6150,5982,5970,5915,5989,5997,5977,5824,5968,6005,6072,5973,6126,5955,5984,6021,5974,6057,5999,5888,6140,6003,6067,5996,6079,6051,5920,5989,6013,5935,6039,5973,5943,5963,6042,6064,6022,6065,5909,6138,6035,5939,6093,5688,5862,6028,6001,6120,6054,6038,6034,5984,5988,6034,5770
,4,5881,5926,5876,5886,5906,5981,5914,5884,5922,5987,5960,5919,5878,5882,5833,5996,5957,5998,5825,5904,5961,5972,6097,5925,5800,5944,5931,6100,5959,5942,5893,5875,5945,5957,5951,5965,5883,5975,6052,6021,5909,6147,5978,5966,5915,5981,5997,5970,5813,5965,5999,6068,5973,6118,5957,5981,6012,5978,6054,5990,5883,6138,6000,6061,5993,6075,6048,5921,5984,6010,5933,6036,5973,5934,5959,6037,6061,6022,6063,5907,6134,6042,5936,6090,5686,5857,6018,6000,6117,6045,6032,6026,5980,5987,6031,5776
,5,5876,5921,5873,5883,5902,5980,5907,5885,5916,5986,5956,5916,5872,5881,5829,5996,5955,6001,5822,5903,5955,5973,6091,5923,5795,5946,5924,6099,5954,5942,5887,5879,5939,5957,5949,5962,5884,5970,6051,6016,5906,6145,5976,5964,5913,5982,5991,5970,5811,5965,5997,6066,5970,6121,5951,5985,6012,5973,6053,5991,5880,6134,5997,6053,5989,6072,6045,5916,5979,6007,5933,6031,5964,5935,5953,6038,6058,6017,6061,5905,6133,6038,5937,6084,5681,5853,6015,5997,6112,6050,6030,6030,5980,5983,6028,5765
,6,5870,5924,5868,5887,5898,5978,5907,5879,5919,5981,5955,5913,5873,5876,5828,5991,5947,5994,5818,5900,5954,5969,6087,5921,5790,5938,5922,6098,5955,5941,5890,5870,5944,5952,5947,5958,5882,5967,6045,6014,5904,6140,5974,5964,5912,5983,5991,5964,5807,5962,5993,6065,5970,6115,5954,5978,6016,5970,6057,5984,5872,6129,5996,6055,5990,6074,6043,5918,5981,6008,5927,6031,5962,5936,5952,6034,6056,6013,6060,5904,6135,6034,5935,6078,5681,5850,6012,5994,6107,6048,6027,6030,5976,5983,6023,5766
,7,5870,5918,5865,5883,5899,5972,5905,5881,5912,5984,5951,5912,5869,5875,5827,5986,5952,5992,5821,5896,5954,5963,6083,5923,5792,5931,5923,6090,5953,5939,5888,5875,5936,5955,5944,5953,5875,5964,6041,6012,5901,6139,5970,5962,5910,5983,5990,5966,5804,5959,5990,6063,5966,6114,5951,5978,6011,5971,6057,5985,5872,6127,5994,6054,5987,6071,6041,5918,5979,6007,5927,6026,5959,5931,5950,6031,6053,6016,6056,5906,6129,6035,5930,6076,5679,5848,6006,5994,6102,6044,6026,6027,5975,5982,6022,5768
,8,5867,5916,5866,5882,5895,5974,5905,5876,5913,5978,5947,5907,5861,5873,5824,5988,5950,5994,5819,5900,5948,5969,6078,5921,5783,5944,5914,6095,5950,5936,5888,5868,5944,5947,5944,5952,5874,5964,6039,6013,5897,6136,5970,5961,5909,5983,5988,5963,5803,5955,5989,6060,5965,6112,5953,5978,6007,5973,6056,5980,5869,6124,5992,6045,5982,6070,6038,5916,5973,6004,5929,6028,5959,5928,5947,6031,6051,6013,6054,5905,6129,6033,5929,6072,5683,5841,6006,5989,6102,6041,6020,6021,5970,5982,6014,5772
,9,5864,5913,5864,5881,5894,5970,5902,5875,5910,5975,5948,5907,5864,5870,5824,5986,5944,5989,5816,5896,5948,5964,6077,5919,5784,5933,5918,6088,5951,5936,5887,5871,5938,5950,5942,5949,5873,5959,6038,6008,5896,6132,5966,5960,5906,5982,5986,5961,5802,5951,5990,6055,5965,6109,5952,5976,6008,5969,6056,5977,5869,6122,5988,6047,5979,6068,6036,5915,5972,6007,5928,6023,5953,5927,5945,6028,6049,6012,6054,5904,6128,6031,5927,6070,5679,5843,6001,5991,6100,6038,6021,6019,5974,5978,6017,5767
,10,5856,5920,5860,5883,5890,5972,5901,5874,5911,5972,5948,5905,5860,5869,5823,5984,5942,5991,5814,5895,5946,5960,6076,5915,5782,5928,5916,6085,5947,5933,5885,5870,5936,5952,5940,5951,5872,5958,6037,6005,5897,6130,5964,5958,5907,5983,5985,5961,5796,5954,5982,6058,5959,6110,5950,5978,6004,5967,6055,5974,5866,6117,5988,6047,5980,6069,6033,5918,5970,6006,5925,6023,5950,5923,5942,6026,6047,6010,6053,5904,6129,6031,5927,6067,5680,5840,5997,5987,6098,6035,6019,6016,5972,5979,6016,5768
,11,5855,5917,5858,5882,5889,5973,5898,5876,5905,5974,5942,5905,5861,5865,5823,5982,5939,5988,5813,5895,5942,5962,6071,5915,5778,5933,5910,6089,5946,5935,5882,5869,5936,5949,5939,5947,5868,5956,6034,6004,5896,6129,5964,5958,5905,5981,5988,5957,5797,5949,5982,6057,5959,6109,5950,5976,6001,5970,6053,5972,5868,6115,5988,6040,5978,6065,6031,5913,5967,6004,5923,6020,5953,5919,5943,6025,6042,6014,6048,5908,6125,6029,5925,6065,5681,5835,5994,5987,6093,6035,6016,6013,5969,5974,6014,5770
,12,5857,5912,5860,5879,5892,5967,5900,5872,5906,5970,5943,5903,5861,5866,5822,5981,5937,5987,5812,5893,5943,5961,6072,5914,5780,5927,5912,6086,5946,5933,5884,5870,5935,5946,5937,5945,5870,5954,6032,6005,5892,6131,5961,5956,5906,5979,5983,5955,5794,5953,5980,6059,5958,6107,5948,5976,6003,5967,6053,5974,5865,6114,5986,6043,5976,6068,6029,5915,5963,6007,5921,6021,5949,5921,5940,6022,6045,6007,6050,5906,6125,6028,5926,6063,5679,5835,5993,5985,6094,6033,6017,6015,5969,5977,6009,5770
,13,5855,5915,5859,5880,5889,5969,5899,5873,5903,5972,5941,5904,5857,5866,5821,5978,5945,5983,5815,5896,5941,5959,6070,5916,5783,5928,5911,6083,5947,5930,5885,5869,5934,5951,5935,5945,5867,5954,6031,6002,5894,6127,5961,5958,5904,5983,5984,5958,5792,5953,5977,6060,5958,6105,5952,5976,6000,5967,6051,5971,5858,6114,5984,6045,5977,6066,6030,5916,5966,6006,5921,6021,5949,5918,5940,6020,6045,6004,6048,5906,6119,6030,5923,6062,5680,5834,5993,5983,6090,6032,6015,6014,5965,5975,6011,5767
,14,5852,5914,5856,5879,5889,5969,5899,5875,5902,5970,5942,5902,5857,5866,5821,5980,5937,5985,5813,5895,5940,5958,6071,5911,5776,5929,5907,6086,5944,5933,5883,5869,5934,5947,5936,5944,5863,5953,6030,6005,5893,6127,5960,5958,5902,5984,5984,5956,5797,5951,5980,6056,5960,6107,5949,5975,6005,5968,6055,5974,5860,6114,5984,6039,5974,6064,6029,5912,5965,6001,5927,6018,5945,5921,5936,6024,6042,6009,6047,5904,6120,6030,5925,6060,5679,5835,5989,5988,6088,6036,6015,6014,5966,5974,6012,5766
,15,5852,5917,5859,5879,5891,5970,5900,5872,5906,5970,5943,5901,5853,5866,5821,5980,5948,5988,5817,5894,5943,5960,6070,5913,5773,5926,5907,6085,5946,5933,5886,5868,5934,5947,5937,5943,5864,5953,6030,6005,5894,6127,5965,5956,5906,5983,5989,5956,5798,5953,5980,6058,5960,6108,5947,5976,6005,5969,6057,5977,5859,6113,5985,6044,5976,6065,6031,5914,5966,6005,5923,6021,5947,5917,5937,6023,6041,6010,6048,5906,6120,6035,5921,6062,5681,5833,5990,5986,6088,6032,6015,6014,5966,5980,6010,5772
,16,5853,5922,5856,5888,5891,5974,5900,5879,5907,5974,5946,5903,5853,5870,5823,5985,5951,5994,5817,5899,5943,5965,6071,5916,5780,5926,5912,6087,5948,5936,5887,5873,5935,5955,5935,5946,5868,5955,6032,6008,5894,6133,5961,5962,5906,5987,5989,5958,5798,5955,5982,6061,5962,6110,5953,5979,6008,5972,6057,5974,5863,6114,5987,6044,5979,6068,6030,5919,5965,6008,5926,6022,5945,5919,5940,6023,6044,6011,6052,5909,6125,6032,5923,6064,5684,5835,5993,5987,6093,6033,6019,6015,5968,5979,6011,5774
,17,5861,5924,5867,5890,5899,5979,5907,5885,5913,5979,5952,5908,5859,5877,5830,5990,5953,6000,5822,5906,5948,5972,6073,5922,5785,5937,5916,6095,5954,5941,5892,5882,5942,5960,5941,5953,5871,5960,6039,6011,5902,6134,5971,5965,5912,5996,5996,5960,5802,5963,5988,6068,5969,6116,5958,5986,6013,5978,6065,5980,5866,6118,5995,6050,5984,6077,6037,5924,5971,6015,5931,6028,5950,5926,5945,6030,6050,6015,6058,5915,6127,6041,5929,6071,5684,5840,5995,5993,6094,6045,6025,6027,5976,5984,6016,5772
,18,5866,5938,5879,5902,5909,5994,5919,5894,5921,5992,5961,5921,5869,5887,5842,6003,5965,6012,5835,5918,5960,5984,6085,5934,5799,5949,5929,6105,5965,5955,5905,5894,5956,5975,5955,5963,5881,5971,6049,6024,5914,6149,5980,5979,5923,6012,6007,5972,5814,5969,6002,6077,5980,6125,5974,5998,6024,5990,6074,5993,5878,6129,6004,6059,5993,6088,6046,5937,5979,6027,5944,6037,5961,5937,5955,6043,6061,6029,6070,5927,6141,6053,5940,6079,5699,5848,6006,6007,6105,6056,6036,6036,5988,5997,6028,5786
,19,5885,5960,5901,5928,5935,6019,5942,5918,5950,6015,5986,5942,5895,5910,5866,6029,5981,6034,5858,5942,5987,6007,6109,5955,5818,5959,5955,6126,5991,5978,5933,5917,5983,5998,5979,5986,5905,5995,6075,6049,5939,6173,6004,6004,5948,6040,6031,5996,5833,6000,6023,6107,6003,6152,5997,6024,6050,6014,6098,6015,5898,6151,6031,6092,6019,6118,6071,5963,6004,6052,5968,6062,5985,5964,5977,6071,6085,6056,6093,5952,6166,6080,5964,6102,5718,5875,6026,6029,6129,6076,6062,6059,6008,6023,6049,5813
,20,5924,6008,5945,5975,5980,6068,5989,5964,5993,6065,6027,5991,5933,5954,5912,6076,6033,6086,5905,5988,6035,6051,6157,5997,5855,6008,5996,6177,6036,6025,5980,5964,6027,6050,6026,6029,5942,6037,6122,6099,5983,6223,6046,6053,5994,6099,6081,6042,5873,6043,6073,6155,6047,6200,6047,6073,6092,6064,6149,6050,5940,6199,6076,6141,6062,6166,6117,6010,6044,6105,6017,6103,6027,6008,6021,6117,6128,6107,6143,6004,6216,6124,6007,6147,5759,5916,6070,6076,6173,6123,6109,6107,6058,6072,6096,5856
,21,5996,6097,6029,6066,6065,6164,6072,6056,6077,6157,6114,6075,6002,6039,5992,6174,6123,6188,5993,6078,6124,6145,6240,6084,5936,6093,6077,6269,6123,6116,6071,6053,6116,6148,6110,6113,6021,6122,6208,6192,6069,6317,6132,6140,6087,6196,6176,6121,5951,6136,6162,6256,6133,6293,6136,6158,6181,6153,6240,6137,6018,6286,6168,6236,6150,6258,6206,6097,6130,6194,6105,6192,6114,6093,6112,6206,6221,6192,6244,6087,6311,6217,6094,6223,5833,5995,6153,6166,6255,6209,6203,6196,6147,6163,6183,5933
,22,6135,6245,6190,6227,6223,6331,6227,6204,6242,6313,6272,6225,6137,6188,6142,6334,6272,6349,6144,6232,6284,6303,6393,6235,6074,6243,6217,6434,6275,6270,6228,6207,6280,6307,6268,6258,6161,6268,6364,6351,6222,6479,6277,6294,6245,6374,6339,6268,6099,6288,6323,6420,6285,6449,6289,6322,6326,6310,6401,6280,6155,6439,6323,6400,6300,6418,6356,6248,6272,6352,6264,6338,6260,6244,6255,6370,6371,6354,6401,6252,6467,6374,6240,6369,5963,6131,6298,6315,6407,6358,6370,6355,6305,6327,6323,6078
,23,6342,6495,6431,6480,6463,6595,6466,6450,6485,6570,6518,6460,6339,6427,6378,6589,6525,6610,6389,6469,6543,6546,6645,6472,6287,6480,6443,6693,6506,6520,6473,6455,6526,6574,6513,6496,6378,6496,6609,6604,6463,6734,6512,6540,6488,6663,6599,6501,6310,6540,6569,6686,6521,6690,6542,6563,6570,6558,6651,6514,6372,6680,6566,6656,6526,6669,6591,6483,6495,6599,6518,6575,6485,6481,6486,6624,6609,6597,6663,6489,6729,6627,6466,6601,6174,6354,6525,6562,6638,6595,6623,6596,6542,6586,6562,6311
,24,6638,6845,6770,6832,6805,6954,6800,6791,6828,6925,6864,6798,6632,6754,6709,6945,6868,6977,6722,6823,6884,6901,6983,6810,6596,6789,6768,7030,6846,6849,6821,6791,6872,6941,6861,6830,6681,6815,6947,6950,6796,7086,6831,6879,6825,7062,6954,6829,6621,6870,6918,7040,6848,7025,6877,6909,6893,6900,7002,6819,6673,7011,6899,7020,6846,7019,6912,6813,6801,6946,6851,6913,6797,6816,6803,6967,6937,6933,7019,6827,7078,6979,6787,6923,6464,6663,6840,6901,6964,6921,6968,6934,6883,6943,6895,6628
,25,7008,7259,7191,7270,7218,7401,7215,7200,7247,7381,7282,7216,6986,7166,7103,7385,7274,7424,7120,7240,7319,7336,7404,7229,6960,7193,7143,7464,7243,7258,7239,7212,7297,7384,7284,7230,7043,7199,7360,7375,7192,7514,7221,7289,7237,7544,7396,7237,6983,7291,7337,7483,7240,7435,7290,7320,7294,7322,7436,7218,7041,7414,7310,7462,7221,7439,7302,7212,7168,7364,7282,7319,7197,7209,7206,7380,7354,7333,7463,7234,7505,7402,7180,7314,6826,7041,7223,7323,7357,7322,7396,7352,7292,7381,7295,7025
,26,7404,7758,7641,7750,7674,7896,7665,7658,7718,7857,7750,7679,7378,7614,7546,7878,7728,7916,7567,7695,7789,7817,7876,7696,7376,7623,7571,7936,7689,7715,7693,7668,7757,7885,7748,7685,7456,7632,7821,7840,7642,7979,7660,7747,7694,8089,7879,7683,7400,7747,7803,7956,7689,7883,7740,7774,7738,7787,7902,7661,7446,7857,7767,7942,7656,7900,7729,7649,7582,7828,7755,7768,7623,7661,7631,7843,7795,7785,7932,7681,7975,7882,7618,7742,7221,7454,7661,7774,7805,7765,7887,7820,7749,7865,7743,7464
,27,7831,8250,8119,8247,8146,8400,8145,8132,8200,8366,8238,8153,7784,8087,8008,8380,8203,8431,8036,8166,8297,8306,8367,8165,7810,8065,8021,8419,8149,8179,8175,8140,8248,8403,8239,8156,7879,8083,8292,8325,8094,8482,8103,8216,8167,8629,8406,8134,7833,8224,8282,8471,8131,8355,8211,8237,8186,8279,8392,8111,7861,8322,8230,8452,8100,8378,8185,8093,8018,8302,8250,8246,8076,8112,8079,8328,8258,8256,8428,8147,8478,8365,8081,8205,7632,7887,8093,8250,8259,8217,8384,8281,8221,8362,8205,7922
,28,8245,8728,8594,8723,8615,8910,8596,8608,8663,8864,8716,8626,8179,8557,8449,8880,8679,8936,8489,8637,8778,8794,8840,8626,8218,8515,8453,8904,8606,8639,8651,8615,8708,8933,8707,8627,8289,8526,8755,8818,8539,8972,8546,8677,8642,9181,8902,8580,8248,8693,8764,8969,8578,8823,8681,8707,8654,8770,8869,8551,8286,8772,8690,8948,8523,8860,8624,8544,8438,8811,8720,8710,8530,8552,8524,8805,8710,8715,8915,8616,8948,8868,8514,8644,8038,8307,8536,8722,8706,8670,8869,8762,8689,8848,8667,8358
,29,8618,9168,9035,9190,9046,9392,9026,9048,9108,9330,9157,9066,8557,8976,8874,9346,9112,9410,8915,9087,9232,9250,9278,9064,8616,8926,8862,9358,9027,9086,9092,9056,9150,9404,9152,9048,8683,8931,9195,9275,8973,9440,8955,9116,9073,9690,9365,9006,8625,9151,9198,9441,9007,9265,9112,9167,9072,9208,9337,8951,8675,9197,9138,9420,8933,9317,9039,8974,8842,9248,9179,9123,8921,8998,8931,9253,9144,9153,9374,9057,9398,9318,8944,9042,8408,8691,8938,9166,9130,9109,9327,9207,9118,9315,9078,8769
,30,8954,9570,9427,9593,9440,9818,9420,9430,9501,9733,9541,9421,8897,9353,9247,9763,9507,9834,9309,9475,9640,9653,9655,9447,8945,9310,9230,9765,9416,9477,9491,9447,9578,9802,9541,9435,9023,9312,9590,9687,9361,9857,9347,9521,9475,10160,9795,9380,8970,9553,9595,9886,9389,9666,9512,9571,9461,9610,9752,9318,9010,9580,9528,9841,9328,9722,9434,9361,9213,9665,9576,9514,9268,9403,9291,9681,9527,9567,9789,9458,9820,9717,9346,9413,8736,9056,9307,9564,9513,9490,9761,9597,9565,9725,9484,9131
,31,9241,9901,9765,9941,9780,10194,9762,9784,9843,10080,9856,9768,9141,9677,9574,10120,9858,10201,9660,9826,9963,10002,9991,9755,9251,9627,9525,10133,9758,9821,9855,9794,9919,10175,9891,9731,9326,9628,9935,10038,9698,10218,9677,9878,9835,10549,10139,9703,9283,9891,9959,10250,9734,10025,9871,9925,9806,9952,10090,9621,9323,9919,9882,10206,9651,10089,9782,9700,9532,10027,9906,9840,9629,9691,9655,9998,9886,9915,10160,9807,10175,10073,9665,9734,9033,9356,9619,9900,9843,9814,10105,9944,9887,10081,9797,9446
,32,9464,10178,10036,10220,10069,10485,10054,10049,10116,10347,10138,10014,9398,9947,9838,10417,10142,10528,9936,10108,10276,10274,10287,10023,9499,9887,9791,10438,10030,10134,10127,10086,10213,10481,10148,9989,9567,9892,10215,10338,9987,10535,9963,10164,10131,10891,10435,9952,9549,10158,10243,10569,10011,10318,10181,10207,10103,10245,10378,9878,9572,10191,10169,10501,9933,10396,10095,9987,9798,10323,10188,10087,9870,9985,9911,10318,10167,10193,10478,10085,10501,10342,9924,9975,9273,9592,9904,10158,10128,10095,10425,10218,10171,10394,10048,9696
,33,9652,10391,10247,10460,10289,10716,10312,10240,10354,10594,10351,10232,9566,10156,10050,10662,10367,10778,10174,10346,10488,10499,10487,10222,9680,10125,9989,10684,10264,10363,10384,10313,10454,10701,10392,10191,9773,10110,10447,10582,10216,10776,10190,10398,10372,11163,10666,10168,9729,10412,10483,10821,10236,10562,10414,10453,10338,10478,10597,10094,9768,10424,10408,10750,10170,10635,10380,10220,10024,10571,10408,10298,10082,10198,10145,10540,10398,10458,10705,10318,10749,10596,10140,10187,9442,9813,10093,10409,10322,10331,10646,10486,10378,10650,10254,9930
,34,9796,10547,10426,10630,10452,10932,10439,10475,10479,10800,10481,10413,9725,10327,10215,10847,10538,10956,10347,10515,10693,10665,10652,10366,9830,10266,10172,10840,10451,10571,10546,10520,10601,10937,10541,10377,9951,10250,10634,10754,10403,10992,10361,10577,10563,11378,10832,10325,9928,10558,10688,10992,10442,10750,10624,10647,10491,10669,10771,10256,9920,10606,10587,10974,10333,10863,10543,10421,10184,10734,10608,10449,10216,10399,10317,10755,10562,10649,10944,10498,10916,10779,10275,10356,9575,9973,10257,10569,10493,10484,10837,10626,10568,10882,10378,10105
,35,9882,10705,10512,10769,10588,11087,10585,10548,10659,10884,10618,10505,9826,10449,10340,10977,10672,11113,10477,10642,10814,10797,10767,10495,9964,10384,10304,10974,10588,10702,10721,10626,10780,11035,10676,10472,10049,10392,10746,10910,10541,11120,10500,10725,10702,11510,10985,10462,10007,10738,10789,11198,10546,10898,10776,10760,10647,10775,10923,10357,10046,10725,10728,11113,10470,10998,10677,10623,10321,10885,10754,10580,10400,10471,10473,10864,10721,10813,11083,10638,11070,10919,10439,10446,9684,10076,10376,10713,10628,10607,11002,10762,10687,11005,10526,10201
,36,9975,10796,10619,10876,10689,11190,10660,10701,10717,10971,10719,10602,9914,10534,10424,11088,10767,11222,10574,10766,10899,10918,10861,10590,10035,10498,10389,11089,10678,10825,10798,10770,10844,11171,10764,10566,10132,10493,10856,11025,10636,11256,10597,10816,10814,11613,11110,10518,10129,10789,10954,11264,10677,10997,10863,10910,10705,10947,11035,10455,10129,10842,10841,11231,10566,11135,10799,10725,10420,10999,10877,10656,10459,10613,10562,10986,10829,10934,11175,10787,11164,11021,10514,10568,9763,10162,10475,10820,10720,10721,11101,10866,10790,11105,10609,10277
,37,10029,10864,10691,10963,10741,11298,10766,10732,10803,11069,10773,10676,9968,10606,10512,11156,10844,11315,10668,10834,10974,10993,10937,10660,10091,10586,10445,11196,10768,10881,10901,10804,10958,11244,10831,10655,10198,10567,10930,11107,10707,11339,10655,10901,10877,11741,11172,10598,10183,10867,11033,11341,10758,11079,10989,10973,10808,10978,11110,10520,10185,10916,10925,11307,10646,11208,10858,10806,10479,11098,10919,10727,10512,10738,10624,11075,10906,10985,11301,10789,11277,11080,10607,10614,9824,10231,10555,10878,10790,10794,11188,10942,10856,11180,10687,10358
,38,10084,10897,10752,10999,10810,11345,10804,10802,10863,11105,10834,10714,10019,10647,10581,11209,10916,11370,10716,10885,11044,11053,10988,10695,10148,10624,10516,11239,10820,10972,10953,10896,10994,11282,10918,10675,10251,10617,10993,11149,10776,11402,10716,10988,10924,11786,11222,10654,10214,10975,11040,11450,10787,11170,11008,11072,10858,11026,11173,10567,10241,10967,10974,11355,10714,11269,10945,10852,10541,11152,10983,10776,10563,10827,10652,11173,10942,11079,11345,10894,11302,11154,10666,10667,9870,10278,10602,10934,10849,10860,11279,11003,10934,11246,10724,10418
,39,10129,10932,10800,11043,10869,11389,10842,10856,10893,11148,10852,10763,10061,10691,10618,11256,10966,11427,10755,10930,11086,11080,11030,10753,10196,10654,10542,11295,10851,11022,11002,10941,11046,11359,10922,10732,10286,10662,11034,11204,10806,11461,10765,11033,10965,11836,11291,10681,10288,10989,11120,11492,10843,11208,11103,11083,10917,11076,11210,10614,10270,11008,11016,11416,10749,11332,10966,10909,10568,11197,11017,10829,10633,10815,10728,11182,10990,11135,11381,10921,11351,11210,10695,10709,9911,10306,10645,10980,10890,10902,11322,11044,10959,11279,10773,10438
,40,10143,10959,10821,11077,10888,11427,10873,10874,10916,11199,10905,10774,10079,10728,10642,11288,10985,11455,10798,10952,11117,11095,11073,10758,10225,10675,10567,11329,10895,11053,11036,10973,11060,11392,10961,10752,10326,10692,11080,11230,10858,11477,10802,11044,10978,11867,11326,10698,10275,11071,11131,11522,10891,11231,11109,11145,10939,11104,11248,10627,10303,11027,11069,11437,10792,11347,11010,10929,10610,11252,11035,10866,10664,10829,10776,11314,11024,11157,11430,10992,11360,11248,10703,10738,9927,10343,10654,11007,10920,10920,11398,11060,10987,11306,10827,10451
